 frequency      gain_bandwidth_product frequency      phase_margin  
 1.0000000e+00  2.1892110e+06  1.0000000e+00 -6.3626610e+01 
 1.2589254e+00  2.1892110e+06  1.2589254e+00 -6.3626610e+01 
 1.5848932e+00  2.1892110e+06  1.5848932e+00 -6.3626610e+01 
 1.9952623e+00  2.1892110e+06  1.9952623e+00 -6.3626610e+01 
 2.5118864e+00  2.1892110e+06  2.5118864e+00 -6.3626610e+01 
 3.1622777e+00  2.1892110e+06  3.1622777e+00 -6.3626610e+01 
 3.9810717e+00  2.1892110e+06  3.9810717e+00 -6.3626610e+01 
 5.0118723e+00  2.1892110e+06  5.0118723e+00 -6.3626610e+01 
 6.3095734e+00  2.1892110e+06  6.3095734e+00 -6.3626610e+01 
 7.9432823e+00  2.1892110e+06  7.9432823e+00 -6.3626610e+01 
 1.0000000e+01  2.1892110e+06  1.0000000e+01 -6.3626610e+01 
 1.2589254e+01  2.1892110e+06  1.2589254e+01 -6.3626610e+01 
 1.5848932e+01  2.1892110e+06  1.5848932e+01 -6.3626610e+01 
 1.9952623e+01  2.1892110e+06  1.9952623e+01 -6.3626610e+01 
 2.5118864e+01  2.1892110e+06  2.5118864e+01 -6.3626610e+01 
 3.1622777e+01  2.1892110e+06  3.1622777e+01 -6.3626610e+01 
 3.9810717e+01  2.1892110e+06  3.9810717e+01 -6.3626610e+01 
 5.0118723e+01  2.1892110e+06  5.0118723e+01 -6.3626610e+01 
 6.3095734e+01  2.1892110e+06  6.3095734e+01 -6.3626610e+01 
 7.9432823e+01  2.1892110e+06  7.9432823e+01 -6.3626610e+01 
 1.0000000e+02  2.1892110e+06  1.0000000e+02 -6.3626610e+01 
 1.2589254e+02  2.1892110e+06  1.2589254e+02 -6.3626610e+01 
 1.5848932e+02  2.1892110e+06  1.5848932e+02 -6.3626610e+01 
 1.9952623e+02  2.1892110e+06  1.9952623e+02 -6.3626610e+01 
 2.5118864e+02  2.1892110e+06  2.5118864e+02 -6.3626610e+01 
 3.1622777e+02  2.1892110e+06  3.1622777e+02 -6.3626610e+01 
 3.9810717e+02  2.1892110e+06  3.9810717e+02 -6.3626610e+01 
 5.0118723e+02  2.1892110e+06  5.0118723e+02 -6.3626610e+01 
 6.3095734e+02  2.1892110e+06  6.3095734e+02 -6.3626610e+01 
 7.9432823e+02  2.1892110e+06  7.9432823e+02 -6.3626610e+01 
 1.0000000e+03  2.1892110e+06  1.0000000e+03 -6.3626610e+01 
 1.2589254e+03  2.1892110e+06  1.2589254e+03 -6.3626610e+01 
 1.5848932e+03  2.1892110e+06  1.5848932e+03 -6.3626610e+01 
 1.9952623e+03  2.1892110e+06  1.9952623e+03 -6.3626610e+01 
 2.5118864e+03  2.1892110e+06  2.5118864e+03 -6.3626610e+01 
 3.1622777e+03  2.1892110e+06  3.1622777e+03 -6.3626610e+01 
 3.9810717e+03  2.1892110e+06  3.9810717e+03 -6.3626610e+01 
 5.0118723e+03  2.1892110e+06  5.0118723e+03 -6.3626610e+01 
 6.3095734e+03  2.1892110e+06  6.3095734e+03 -6.3626610e+01 
 7.9432823e+03  2.1892110e+06  7.9432823e+03 -6.3626610e+01 
 1.0000000e+04  2.1892110e+06  1.0000000e+04 -6.3626610e+01 
 1.2589254e+04  2.1892110e+06  1.2589254e+04 -6.3626610e+01 
 1.5848932e+04  2.1892110e+06  1.5848932e+04 -6.3626610e+01 
 1.9952623e+04  2.1892110e+06  1.9952623e+04 -6.3626610e+01 
 2.5118864e+04  2.1892110e+06  2.5118864e+04 -6.3626610e+01 
 3.1622777e+04  2.1892110e+06  3.1622777e+04 -6.3626610e+01 
 3.9810717e+04  2.1892110e+06  3.9810717e+04 -6.3626610e+01 
 5.0118723e+04  2.1892110e+06  5.0118723e+04 -6.3626610e+01 
 6.3095734e+04  2.1892110e+06  6.3095734e+04 -6.3626610e+01 
 7.9432823e+04  2.1892110e+06  7.9432823e+04 -6.3626610e+01 
 1.0000000e+05  2.1892110e+06  1.0000000e+05 -6.3626610e+01 
 1.2589254e+05  2.1892110e+06  1.2589254e+05 -6.3626610e+01 
 1.5848932e+05  2.1892110e+06  1.5848932e+05 -6.3626610e+01 
 1.9952623e+05  2.1892110e+06  1.9952623e+05 -6.3626610e+01 
 2.5118864e+05  2.1892110e+06  2.5118864e+05 -6.3626610e+01 
 3.1622777e+05  2.1892110e+06  3.1622777e+05 -6.3626610e+01 
 3.9810717e+05  2.1892110e+06  3.9810717e+05 -6.3626610e+01 
 5.0118723e+05  2.1892110e+06  5.0118723e+05 -6.3626610e+01 
 6.3095734e+05  2.1892110e+06  6.3095734e+05 -6.3626610e+01 
 7.9432823e+05  2.1892110e+06  7.9432823e+05 -6.3626610e+01 
 1.0000000e+06  2.1892110e+06  1.0000000e+06 -6.3626610e+01 
 1.2589254e+06  2.1892110e+06  1.2589254e+06 -6.3626610e+01 
 1.5848932e+06  2.1892110e+06  1.5848932e+06 -6.3626610e+01 
 1.9952623e+06  2.1892110e+06  1.9952623e+06 -6.3626610e+01 
 2.5118864e+06  2.1892110e+06  2.5118864e+06 -6.3626610e+01 
 3.1622777e+06  2.1892110e+06  3.1622777e+06 -6.3626610e+01 
 3.9810717e+06  2.1892110e+06  3.9810717e+06 -6.3626610e+01 
 5.0118723e+06  2.1892110e+06  5.0118723e+06 -6.3626610e+01 
 6.3095734e+06  2.1892110e+06  6.3095734e+06 -6.3626610e+01 
 7.9432823e+06  2.1892110e+06  7.9432823e+06 -6.3626610e+01 
 1.0000000e+07  2.1892110e+06  1.0000000e+07 -6.3626610e+01 
 1.2589254e+07  2.1892110e+06  1.2589254e+07 -6.3626610e+01 
 1.5848932e+07  2.1892110e+06  1.5848932e+07 -6.3626610e+01 
 1.9952623e+07  2.1892110e+06  1.9952623e+07 -6.3626610e+01 
 2.5118864e+07  2.1892110e+06  2.5118864e+07 -6.3626610e+01 
 3.1622777e+07  2.1892110e+06  3.1622777e+07 -6.3626610e+01 
 3.9810717e+07  2.1892110e+06  3.9810717e+07 -6.3626610e+01 
 5.0118723e+07  2.1892110e+06  5.0118723e+07 -6.3626610e+01 
 6.3095734e+07  2.1892110e+06  6.3095734e+07 -6.3626610e+01 
 7.9432823e+07  2.1892110e+06  7.9432823e+07 -6.3626610e+01 
 1.0000000e+08  2.1892110e+06  1.0000000e+08 -6.3626610e+01 
 1.2589254e+08  2.1892110e+06  1.2589254e+08 -6.3626610e+01 
 1.5848932e+08  2.1892110e+06  1.5848932e+08 -6.3626610e+01 
 1.9952623e+08  2.1892110e+06  1.9952623e+08 -6.3626610e+01 
 2.5118864e+08  2.1892110e+06  2.5118864e+08 -6.3626610e+01 
 3.1622777e+08  2.1892110e+06  3.1622777e+08 -6.3626610e+01 
 3.9810717e+08  2.1892110e+06  3.9810717e+08 -6.3626610e+01 
 5.0118723e+08  2.1892110e+06  5.0118723e+08 -6.3626610e+01 
 6.3095734e+08  2.1892110e+06  6.3095734e+08 -6.3626610e+01 
 7.9432823e+08  2.1892110e+06  7.9432823e+08 -6.3626610e+01 
 1.0000000e+09  2.1892110e+06  1.0000000e+09 -6.3626610e+01 
 1.2589254e+09  2.1892110e+06  1.2589254e+09 -6.3626610e+01 
 1.5848932e+09  2.1892110e+06  1.5848932e+09 -6.3626610e+01 
 1.9952623e+09  2.1892110e+06  1.9952623e+09 -6.3626610e+01 
 2.5118864e+09  2.1892110e+06  2.5118864e+09 -6.3626610e+01 
 3.1622777e+09  2.1892110e+06  3.1622777e+09 -6.3626610e+01 
 3.9810717e+09  2.1892110e+06  3.9810717e+09 -6.3626610e+01 
 5.0118723e+09  2.1892110e+06  5.0118723e+09 -6.3626610e+01 
 6.3095734e+09  2.1892110e+06  6.3095734e+09 -6.3626610e+01 
 7.9432823e+09  2.1892110e+06  7.9432823e+09 -6.3626610e+01 
 1.0000000e+10  2.1892110e+06  1.0000000e+10 -6.3626610e+01 
